FN:20901
FP:1701
PDQ:0.2194042535059529
TP:15880
avg_bg:0.6509856325628175
avg_fg:0.7636784926169465
avg_label:0.717417283307395
avg_pPDQ:0.5316822722554206
avg_spatial:0.4606053223500324
mAP:0.26678459488035305